InitialSolution=39314.4
39314.4,327.494
39314.4,327.494
39314.4,8117
39314.4,8117
39314.4,8117
39314.4,8117
39314.4,10141.7
39314.4,13101.8
39314.4,15935.7
39314.4,18634.2
39314.4,21180.2
39314.4,23084.1
39314.4,24411.7
39314.4,25719.6
39314.4,26625.6
39314.4,27635.5
39314.4,28108
39314.4,29064.4
39314.4,29432.4
39314.4,29570.4
39314.4,30125.1
39314.4,30349.3
39314.4,30465.8
39314.4,30877.6
39314.4,30953.7
39314.4,31213.4
39314.4,31527.6
39314.4,32108.1
39314.4,32575.6
39314.4,32624.4
39314.4,32866.3
39314.4,33246.4
39314.4,33533.3
39314.4,33907.7
39314.4,34077.2
39314.4,34284.7
39314.4,34592.5
39314.4,34881.3
39314.4,35078.5
39314.4,35250.7
39314.4,35281.5
39314.4,35472.7
39314.4,35616.9
39314.4,35741.3
39314.4,35878.2
39314.4,35921.3
39314.4,35974.3
39314.4,36024.9
39314.4,36024.9
39314.4,36064.3
39314.4,36149.9
39314.4,36158.1
39314.4,36247.2
39314.4,36328.1
39314.4,36386.5
39314.4,36442.6
39314.4,36442.6
39314.4,36492.1
39314.4,36576.7
39314.4,36606.4
39314.4,36668.3
39314.4,36688.4
39314.4,36706.1
39314.4,36752.5
39314.4,36777.1
39314.4,36783.7
39314.4,36824.5
39314.4,36848.8
39314.4,36882.1
39314.4,36885.6
39314.4,36891.6
39314.4,36913.4
39314.4,36936.1
39314.4,36952.4
39314.4,36975.3
39314.4,36975.8
39314.4,36975.8
39314.4,36975.8
39314.4,36975.8
39314.4,36975.8
39314.4,36981.6
39314.4,37010.8
39314.4,37031.8
39314.4,37044
39314.4,37058
39314.4,37058
39314.4,37058
39314.4,37058
39314.4,37079.5
39314.4,37088.4
39314.4,37098.6
39314.4,37098.6
39314.4,37098.6
39314.4,37098.6
39314.4,37098.6
39314.4,37098.6
39314.4,37098.6
39314.4,37112.8
39314.4,37136
39314.4,37143.5
39314.4,37151.9
39314.4,37175.2
39314.4,37178
39314.4,37191.1
39314.4,37201.2
39314.4,37213.5
39314.4,37213.5
39314.4,37213.5
39314.4,37213.5
39314.4,37213.5
39314.4,37213.5
39314.4,37213.5
39314.4,37213.5
39314.4,37219.1
39314.4,37224.3
39314.4,37239.5
39314.4,37239.5
39314.4,37251.1
39314.4,37266.5
39314.4,37285.1
39314.4,37285.1
39314.4,37285.1
39314.4,37285.1
39314.4,37285.1
39314.4,37285.1
39314.4,37285.1
39314.4,37285.1
39314.4,37285.1
39314.4,37285.1
39314.4,37285.1
39314.4,37285.1
39314.4,37285.1
39314.4,37285.1
39314.4,37290
39314.4,37297.7
39314.4,37303
39314.4,37314.4
39314.4,37317.6
39314.4,37329.6
39314.4,37337.8
39314.4,37337.8
39314.4,37337.8
39314.4,37337.8
39314.4,37337.8
39314.4,37337.8
39314.4,37337.8
39314.4,37337.8
39314.4,37337.8
39314.4,37337.8
39314.4,37337.8
39314.4,37337.8
39314.4,37345.2
39314.4,37353.3
39314.4,37369
39314.4,37377.8
39314.4,37381.5
39314.4,37384.6
39314.4,37384.6
39314.4,37384.6
39314.4,37384.6
39314.4,37384.6
39314.4,37384.6
39314.4,37384.6
39314.4,37384.6
39314.4,37386
39314.4,37388.5
39314.4,37394.7
39314.4,37403.9
39314.4,37419.4
39314.4,37430.8
39314.4,37430.8
39314.4,37430.8
39314.4,37430.8
39314.4,37430.8
39314.4,37430.8
39314.4,37431.8
39314.4,37433.3
39314.4,37449
39314.4,37459.2
39314.4,37459.2
39314.4,37459.2
39314.4,37459.2
39314.4,37459.2
39314.4,37459.2
39314.4,37459.3
39314.4,37461.9
39314.4,37474.9
39314.4,37482
39314.4,37482
39314.4,37482
39314.4,37482
39314.4,37482
39314.4,37482
39314.4,37482
39314.4,37482
39314.4,37483.6
39314.4,37489.9
39314.4,37504.4
39314.4,37512.3
39314.4,37512.3
39314.4,37512.3
39314.4,37512.3
39314.4,37512.3
39314.4,37512.3
39314.4,37512.3
39314.4,37522.2
39314.4,37527.4
39314.4,37527.4
39314.4,37527.4
39314.4,37527.4
39314.4,37527.4
39314.4,37527.4
39314.4,37527.4
39314.4,37527.4
39314.4,37527.4
39314.4,37535.1
39314.4,37535.1
39314.4,37535.1
39314.4,37535.1
39314.4,37535.1
39314.4,37535.1
39314.4,37535.1
39314.4,37535.1
39314.4,37535.1
39314.4,37535.1
39314.4,37535.1
39314.4,37535.1
39314.4,37537.1
39314.4,37537.1
39314.4,37539.8
39314.4,37551.1
39314.4,37551.1
39314.4,37551.1
39314.4,37551.1
39314.4,37551.1
39314.4,37551.1
39314.4,37551.1
39314.4,37551.1
39314.4,37551.1
39314.4,37551.1
39314.4,37551.1
39314.4,37551.1
39314.4,37551.1
39314.4,37551.6
39314.4,37556.3
39314.4,37566.4
39314.4,37566.4
39314.4,37566.4
39314.4,37566.4
39314.4,37566.4
39314.4,37566.4
39314.4,37566.4
39314.4,37566.4
39314.4,37566.4
39314.4,37566.4
39314.4,37566.4
39314.4,37566.4
39314.4,37577.7
39314.4,37577.7
39314.4,37577.7
39314.4,37577.7
39314.4,37577.7
39314.4,37577.7
39314.4,37577.7
39314.4,37577.7
39314.4,37577.7
39314.4,37577.7
39314.4,37580
39314.4,37582.7
39314.4,37582.7
39314.4,37582.7
39314.4,37582.7
39314.4,37582.7
39314.4,37582.7
39314.4,37582.7
39314.4,37582.7
39314.4,37582.7
39314.4,37582.7
39314.4,37582.7
39314.4,37582.7
39314.4,37582.7
39314.4,37582.7
39314.4,37587.8
39314.4,37591.3
39314.4,37591.3
39314.4,37591.3
39314.4,37591.3
39314.4,37591.3
39314.4,37591.3
39314.4,37591.3
39314.4,37591.3
39314.4,37591.3
39314.4,37591.3
39314.4,37597.3
39314.4,37597.3
39314.4,37597.3
39314.4,37597.3
39314.4,37597.3
39314.4,37597.3
39314.4,37597.3
39314.4,37599.2
39314.4,37600.6
39314.4,37600.6
39314.4,37600.6
39314.4,37600.6
39314.4,37600.6
39314.4,37600.6
39314.4,37600.6
39314.4,37600.6
39314.4,37605.9
39314.4,37605.9
39314.4,37605.9
39314.4,37605.9
39314.4,37605.9
39314.4,37605.9
39314.4,37605.9
39314.4,37605.9
39314.4,37607.6
39314.4,37607.6
39314.4,37607.6
39314.4,37607.6
39314.4,37607.6
39314.4,37607.6
39314.4,37607.6
39314.4,37612
39314.4,37612
39314.4,37612
39314.4,37612
39314.4,37612
39314.4,37612
39314.4,37612
39314.4,37612
39314.4,37612
39314.4,37612
39314.4,37618
39314.4,37618
39314.4,37618
39314.4,37618
39314.4,37618
39314.4,37618
39314.4,37618
39314.4,37618
39314.4,37618
39314.4,37618
39314.4,37618
39314.4,37618
39314.4,37618
39314.4,37618
39314.4,37620.6
39314.4,37620.6
39314.4,37620.6
39314.4,37620.6
39314.4,37620.6
39314.4,37620.6
39314.4,37620.6
39314.4,37620.6
39314.4,37620.6
39314.4,37620.6
39314.4,37625.8
39314.4,37625.8
39314.4,37625.8
39314.4,37625.8
39314.4,37625.8
39314.4,37625.8
39314.4,37625.8
39314.4,37625.8
39314.4,37625.8
39314.4,37625.8
39314.4,37625.8
39314.4,37625.8
39314.4,37625.8
39314.4,37625.8
39314.4,37625.8
39314.4,37626.1
39314.4,37626.1
39314.4,37626.1
39314.4,37626.1
39314.4,37626.1
39314.4,37626.1
39314.4,37626.1
39314.4,37626.1
39314.4,37626.1
39314.4,37626.1
39314.4,37626.1
39314.4,37626.1
39314.4,37626.1
39314.4,37626.1
39314.4,37629.2
39314.4,37631.1
39314.4,37631.1
39314.4,37631.1
39314.4,37631.1
39314.4,37631.1
39314.4,37631.1
39314.4,37631.1
39314.4,37631.1
39314.4,37631.1
39314.4,37631.1
39314.4,37631.1
39314.4,37631.1
39314.4,37631.1
39314.4,37631.1
39314.4,37631.1
39314.4,37631.1
39314.4,37631.1
39314.4,37632.1
39314.4,37633.2
39314.4,37633.2
39314.4,37633.2
39314.4,37633.2
39314.4,37633.2
39314.4,37633.2
39314.4,37633.2
39314.4,37635.8
39314.4,37635.8
39314.4,37635.8
39314.4,37635.8
39314.4,37635.8
39314.4,37635.8
39314.4,37635.8
39314.4,37635.8
39314.4,37635.8
39314.4,37635.8
39314.4,37635.8
39314.4,37635.8
39314.4,37635.8
39314.4,37635.8
39314.4,37635.8
39314.4,37636.5
39314.4,37636.5
39314.4,37636.5
39314.4,37636.5
39314.4,37636.5
39314.4,37636.5
39314.4,37636.5
39314.4,37636.5
39314.4,37636.5
39314.4,37636.5
39314.4,37636.5
39314.4,37636.5
39314.4,37636.5
39314.4,37636.5
39314.4,37636.5
39314.4,37636.5
39314.4,37636.5
39314.4,37636.5
39314.4,37636.5
39314.4,37636.5
39314.4,37636.5
39314.4,37636.5
39314.4,37636.5
39314.4,37636.5
39314.4,37636.5
39314.4,37636.5
39314.4,37639.2
39314.4,37639.2
39314.4,37639.2
39314.4,37639.2
39314.4,37639.2
39314.4,37639.2
39314.4,37639.2
39314.4,37639.2
39314.4,37639.2
39314.4,37639.2
39314.4,37639.2
39314.4,37639.2
39314.4,37639.2
39314.4,37639.2
39314.4,37639.2
39314.4,37639.2
39314.4,37639.2
39314.4,37639.2
39314.4,37639.2
39314.4,37639.2
39314.4,37639.2
39314.4,37639.2
39314.4,37639.2
39314.4,37639.2
39314.4,37639.2
39314.4,37639.2
39314.4,37639.2
39314.4,37639.2
39314.4,37639.2
39314.4,37639.2
39314.4,37639.2
39314.4,37639.2
39314.4,37639.2
39314.4,37639.2
39314.4,37639.2
39314.4,37639.2
39314.4,37639.2
39314.4,37639.2
39314.4,37639.2
39314.4,37639.2
39314.4,37639.2
39314.4,37639.2
39314.4,37639.2
39314.4,37639.2
39314.4,37639.2
39314.4,37639.2
39314.4,37639.2
39314.4,37639.2
39314.4,37640
39314.4,37643.1
39314.4,37643.1
39314.4,37643.1
39314.4,37643.1
39314.4,37643.1
39314.4,37643.1
39314.4,37643.1
39314.4,37643.1
39314.4,37643.1
39314.4,37643.9
39314.4,37643.9
39314.4,37645.3
39314.4,37645.3
39314.4,37645.3
39314.4,37645.3
39314.4,37645.3
39314.4,37645.4
39314.4,37645.4
39314.4,37645.4
39314.4,37645.4
39314.4,37645.4
39314.4,37645.4
39314.4,37646.5
39314.4,37646.5
39314.4,37646.5
39314.4,37646.5
39314.4,37646.5
39314.4,37646.5
39314.4,37646.5
39314.4,37646.5
39314.4,37646.5
39314.4,37646.5
39314.4,37646.5
39314.4,37646.5
39314.4,37646.5
39314.4,37646.5
39314.4,37646.5
39314.4,37646.5
39314.4,37646.5
39314.4,37646.5
39314.4,37646.5
39314.4,37646.5
39314.4,37646.5
39314.4,37646.5
39314.4,37646.5
39314.4,37646.5
39314.4,37646.5
39314.4,37646.5
39314.4,37646.5
39314.4,37646.5
39314.4,37646.5
39314.4,37646.5
39314.4,37646.5
39314.4,37646.5
39314.4,37646.5
39314.4,37646.5
39314.4,37646.5
39314.4,37646.5
39314.4,37646.5
39314.4,37646.5
39314.4,37646.5
39314.4,37646.5
39314.4,37646.5
39314.4,37646.5
39314.4,37646.5
39314.4,37646.5
39314.4,37646.5
39314.4,37646.5
39314.4,37646.5
39314.4,37646.5
39314.4,37646.5
39314.4,37646.5
39314.4,37646.5
39314.4,37646.5
39314.4,37646.5
39314.4,37646.5
39314.4,37646.5
39314.4,37646.5
39314.4,37646.5
39314.4,37646.5
39314.4,37646.5
39314.4,37646.5
39314.4,37646.5
39314.4,37646.5
39314.4,37646.5
39314.4,37646.5
39314.4,37646.5
39314.4,37646.5
39314.4,37646.5
39314.4,37646.5
39314.4,37646.5
39314.4,37646.5
39314.4,37646.5
39314.4,37646.5
39314.4,37646.5
39314.4,37646.5
39314.4,37646.5
39314.4,37646.5
39314.4,37646.5
39314.4,37646.5
39314.4,37646.5
39314.4,37646.5
39314.4,37646.5
39314.4,37646.5
39314.4,37646.5
39314.4,37646.5
39314.4,37646.5
39314.4,37646.5
39314.4,37646.5
39314.4,37646.5
39314.4,37646.5
39314.4,37646.5
39314.4,37646.5
39314.4,37646.5
39314.4,37646.5
39314.4,37646.5
39314.4,37646.5
39314.4,37646.5
39314.4,37646.5
39314.4,37646.5
39314.4,37646.5
39314.4,37646.5
39314.4,37646.5
39314.4,37646.5
39314.4,37646.5
39314.4,37646.5
39314.4,37646.5
39314.4,37646.5
39314.4,37646.5
39314.4,37646.5
39314.4,37646.5
39314.4,37646.5
39314.4,37646.5
39314.4,37646.5
39314.4,37646.5
39314.4,37646.5
39314.4,37646.5
39314.4,37646.5
39314.4,37646.5
39314.4,37646.5
39314.4,37646.5
39314.4,37646.5
39314.4,37646.5
39314.4,37646.5
39314.4,37646.5
39314.4,37646.5
39314.4,37646.5
39314.4,37646.5
39314.4,37646.5
39314.4,37646.5
39314.4,37646.5
39314.4,37646.5
39314.4,37646.5
39314.4,37646.5
39314.4,37646.5
39314.4,37646.5
39314.4,37646.5
39314.4,37646.5
39314.4,37646.5
39314.4,37646.5
39314.4,37646.5
39314.4,37646.5
39314.4,37646.5
39314.4,37646.5
39314.4,37646.5
39314.4,37646.5
39314.4,37646.5
39314.4,37646.5
39314.4,37646.5
39314.4,37646.5
39314.4,37646.5
39314.4,37646.5
39314.4,37646.5
39314.4,37646.5
39314.4,37646.5
39314.4,37646.5
39314.4,37646.5
39314.4,37646.5
39314.4,37646.5
39314.4,37646.5
39314.4,37646.5
39314.4,37646.5
39314.4,37646.5
39314.4,37646.5
39314.4,37646.5
39314.4,37646.5
39314.4,37646.5
39314.4,37646.5
39314.4,37646.5
39314.4,37646.5
39314.4,37646.5
39314.4,37646.5
39314.4,37646.5
39314.4,37646.5
39314.4,37646.5
39314.4,37646.5
39314.4,37646.5
39314.4,37646.5
39314.4,37646.5
39314.4,37646.5
39314.4,37646.5
39314.4,37646.5
39314.4,37646.5
39314.4,37646.5
39314.4,37646.5
39314.4,37646.5
39314.4,37646.5
39314.4,37646.5
39314.4,37646.5
39314.4,37646.5
39314.4,37646.5
39314.4,37646.5
39314.4,37646.5
39314.4,37646.5
39314.4,37646.5
39314.4,37646.5
39314.4,37646.5
39314.4,37646.5
39314.4,37646.5
39314.4,37646.5
39314.4,37646.5
39314.4,37646.5
39314.4,37646.5
39314.4,37646.5
39314.4,37646.5
39314.4,37646.5
39314.4,37646.5
39314.4,37646.5
39314.4,37646.5
39314.4,37646.5
39314.4,37646.5
39314.4,37646.5
39314.4,37646.5
39314.4,37646.5
39314.4,37646.5
39314.4,37646.5
39314.4,37646.5
39314.4,37646.5
39314.4,37646.5
39314.4,37646.5
39314.4,37646.5
39314.4,37646.5
39314.4,37646.5
39314.4,37646.5
39314.4,37646.5
39314.4,37646.5
39314.4,37646.5
39314.4,37646.5
39314.4,37646.5
39314.4,37646.5
39314.4,37646.5
39314.4,37646.5
39314.4,37646.5
39314.4,37646.5
39314.4,37646.5
39314.4,37646.5
39314.4,37646.5
39314.4,37646.5
39314.4,37646.5
39314.4,37646.5
39314.4,37646.5
39314.4,37646.5
39314.4,37646.5
39314.4,37646.5
39314.4,37646.5
39314.4,37646.5
39314.4,37646.5
39314.4,37646.5
39314.4,37646.5
39314.4,37646.5
39314.4,37646.5
39314.4,37646.5
39314.4,37646.5
39314.4,37646.5
39314.4,37646.5
39314.4,37646.5
39314.4,37646.5
39314.4,37646.5
39314.4,37646.5
39314.4,37646.5
39314.4,37646.5
39314.4,37646.5
39314.4,37646.5
39314.4,37646.5
39314.4,37646.5
39314.4,37646.5
39314.4,37646.5
39314.4,37646.5
39314.4,37646.5
39314.4,37646.5
39314.4,37646.5
39314.4,37646.5
39314.4,37646.5
39314.4,37646.5
39314.4,37646.5
39314.4,37646.5
39314.4,37646.5
39314.4,37646.5
39314.4,37646.5
39314.4,37646.5
39314.4,37646.5
39314.4,37646.5
39314.4,37646.5
39314.4,37646.5
39314.4,37646.5
39314.4,37646.5
39314.4,37646.5
39314.4,37646.5
39314.4,37646.5
39314.4,37646.5
39314.4,37646.5
39314.4,37646.5
39314.4,37646.5
39314.4,37646.5
39314.4,37646.5
39314.4,37646.5
39314.4,37646.5
39314.4,37646.5
39314.4,37646.5
39314.4,37646.5
39314.4,37646.5
39314.4,37646.5
39314.4,37646.5
39314.4,37646.5
39314.4,37646.5
39314.4,37646.5
39314.4,37646.5
39314.4,37646.5
39314.4,37646.5
39314.4,37646.5
39314.4,37646.5
39314.4,37646.5
39314.4,37646.5
39314.4,37646.5
39314.4,37646.5
39314.4,37646.5
39314.4,37646.5
39314.4,37646.5
39314.4,37646.5
39314.4,37646.5
39314.4,37646.5
39314.4,37646.5
39314.4,37646.5
39314.4,37646.5
39314.4,37646.5
39314.4,37646.5
39314.4,37646.5
39314.4,37646.5
39314.4,37646.5
39314.4,37646.5
39314.4,37646.5
39314.4,37646.5
39314.4,37646.5
39314.4,37646.5
39314.4,37646.5
39314.4,37646.5
39314.4,37646.5
39314.4,37646.5
39314.4,37646.5
39314.4,37646.5
39314.4,37646.5
39314.4,37646.5
39314.4,37646.5
39314.4,37646.5
39314.4,37646.5
39314.4,37646.5
39314.4,37646.5
39314.4,37646.5
39314.4,37646.5
39314.4,37646.5
39314.4,37646.5
39314.4,37646.5
39314.4,37646.5
39314.4,37646.5
39314.4,37646.5
39314.4,37646.5
39314.4,37646.5
39314.4,37646.5
39314.4,37646.5
39314.4,37646.5
39314.4,37646.5
39314.4,37646.5
39314.4,37646.5
39314.4,37646.5
39314.4,37646.5
39314.4,37646.5
39314.4,37646.5
39314.4,37646.5
39314.4,37646.5
39314.4,37646.5
39314.4,37646.5
39314.4,37646.5
39314.4,37646.5
39314.4,37646.5
39314.4,37646.5
39314.4,37646.5
39314.4,37646.5
39314.4,37646.5
39314.4,37646.5
39314.4,37646.5
39314.4,37646.5
39314.4,37646.5
39314.4,37646.5
39314.4,37646.5
39314.4,37646.5
39314.4,37646.5
39314.4,37646.5
39314.4,37646.5
39314.4,37646.5
39314.4,37646.5
39314.4,37646.5
39314.4,37646.5
stepSize<stepSizeLim

the upperBound found by the initial random solution is 39314.4
the ratio of local search improvement is 0.979022

the ratio of LR improvement is 0
the maximal lowerBound found by the Lagrangian Relaxation is 37646.5
the upperBound found by the Lagrangian Relaxation is 39314.4
the LR gap is 0.0424243
the time for initial solution generation is 0
the total cup time is 27
Unreliable facilities:3,5,6,7,11,12,13,16,18,19,20,21,22,24,26,28,29,31,32,33,34,35,36,37,38,40,42,43,45,
Reliable facilities:0,1,2,4,8,9,10,13,14,15,17,23,25,27,30,39,
0->0(reliable)
1->1(reliable)
2->2(reliable)
3->3(unreliable)->10(reliable)
4->4(reliable)
5->5(unreliable)->14(reliable)
6->6(unreliable)->13(reliable)
7->7(unreliable)->13(reliable)
8->8(reliable)
9->9(reliable)
10->10(reliable)
11->11(unreliable)->9(reliable)
12->12(unreliable)->39(reliable)
13->13(unreliable)->13(reliable)
14->14(reliable)
15->15(reliable)
16->16(unreliable)->10(reliable)
17->17(reliable)
18->18(unreliable)->4(reliable)
19->19(unreliable)->15(reliable)
20->20(unreliable)->30(reliable)
21->21(unreliable)->10(reliable)
22->22(unreliable)->13(reliable)
23->23(reliable)
24->24(unreliable)->9(reliable)
25->25(reliable)
26->26(unreliable)->1(reliable)
27->27(reliable)
28->28(unreliable)->17(reliable)
29->29(unreliable)->14(reliable)
30->30(reliable)
31->31(unreliable)->14(reliable)
32->32(unreliable)->30(reliable)
33->33(unreliable)->9(reliable)
34->34(unreliable)->25(reliable)
35->35(unreliable)->14(reliable)
36->36(unreliable)->25(reliable)
37->37(unreliable)->39(reliable)
38->38(unreliable)->0(reliable)
39->39(reliable)
40->40(unreliable)->17(reliable)
41->12(unreliable)->39(reliable)
42->42(unreliable)->17(reliable)
43->43(unreliable)->25(reliable)
44->18(unreliable)->8(reliable)
45->45(unreliable)->25(reliable)
46->18(unreliable)->4(reliable)
47->39(reliable)
48->25(reliable)

Available budget=1610.37,Used budget is 1602.1
reliableFacilityFixedCost=11275
unreliableFacilityFixedCost=22086.2
facilityFixedCost=33361.2
expectedTransportationCost=6328.28

numOfopenedFacilities=45
numOfhardeningFacilities=16
numOfregularFacilities=29

the difference beteween the objective and  LR_solution is 375.094
