InitialSolution=39557
39557,327.494
39557,327.494
39557,6077.46
39557,6077.46
39557,6077.46
39557,6077.46
39557,6763.63
39557,8591.87
39557,10373.4
39557,12001.5
39557,13598.3
39557,15063
39557,16463.5
39557,17770.3
39557,19014.7
39557,20200.4
39557,21293.1
39557,22367.9
39557,23366.1
39557,24310.9
39557,25240.3
39557,26068.9
39557,26924.4
39557,27701.6
39557,28445.1
39557,29098.5
39557,29706.3
39557,30252.6
39557,30858.9
39557,31465
39557,32016.2
39557,32478
39557,32797.9
39557,33130.1
39557,33441
39557,33739.4
39557,33921.3
39557,34135.4
39557,34318.9
39557,34587.7
39557,34723.8
39557,34903.2
39557,35038.5
39557,35172.6
39557,35288.5
39557,35399.5
39557,35504.4
39557,35625.5
39557,35757.3
39557,35845.1
39557,35943.2
39557,36053.3
39557,36147.2
39557,36197.7
39557,36296.5
39557,36371.3
39557,36429.8
39557,36526.9
39557,36584.5
39557,36648.8
39557,36698.9
39557,36740.4
39557,36774
39557,36831.8
39557,36885.3
39557,36943.7
39557,36953.7
39557,37010.2
39557,37061.6
39557,37077.9
39557,37127
39557,37169.1
39557,37193.8
39557,37231.8
39557,37257.1
39557,37277.3
39557,37316.7
39557,37341.1
39557,37372.8
39557,37400.4
39557,37413
39557,37451.1
39557,37461.9
39557,37488.1
39557,37519.2
39557,37535.3
39557,37565.1
39557,37565.4
39557,37595.6
39557,37607.8
39557,37637.4
39557,37637.4
39557,37663.1
39557,37669.2
39557,37672.7
39557,37695.1
39557,37704.3
39557,37707.7
39557,37731.4
39557,37739.4
39557,37751.2
39557,37764.9
39557,37774.9
39557,37784.6
39557,37784.6
39557,37789
39557,37803.5
39557,37803.5
39557,37813.7
39557,37815
39557,37825.3
39557,37831.7
39557,37852.5
39557,37866.9
39557,37879.5
39557,37881.5
39557,37889.2
39557,37901.6
39557,37907
39557,37908.6
39557,37918.9
39557,37922.3
39557,37931.2
39557,37935
39557,37939.2
39557,37948.8
39557,37948.8
39557,37953.9
39557,37957.3
39557,37966.2
39557,37979.7
39557,37980.8
39557,37996.3
39557,37996.3
39557,38000.5
39557,38008.2
39557,38008.2
39557,38017.7
39557,38019.8
39557,38019.8
39557,38019.8
39557,38021.4
39557,38030.8
39557,38040.2
39557,38050.4
39557,38050.4
39557,38050.4
39557,38050.4
39557,38050.4
39557,38060.2
39557,38061.1
39557,38072
39557,38084.4
39557,38084.4
39557,38084.8
39557,38086.9
39557,38089.5
39557,38097.6
39557,38104
39557,38108.2
39557,38109.2
39557,38109.2
39557,38114.3
38832,38118.9
38832,38129
38832,38131.7
38832,38132.3
38832,38135.5
38832,38135.5
38832,38139.3
38832,38141.1
38832,38144.3
38832,38144.5
38832,38148.2
38832,38148.2
38832,38152.3
38832,38152.3
38832,38152.3
38832,38153.8
38832,38154.2
38832,38159.1
38832,38160.4
38832,38163.8
38832,38165.7
38832,38169
38832,38169.7
38832,38170.6
38832,38173.5
38832,38173.8
38832,38177.6
38832,38177.6
38832,38179.8
38832,38182.1
38832,38183.7
38832,38183.7
38832,38183.7
38832,38186.1
38832,38189.3
38832,38190.4
38832,38193.3
38832,38193.3
38832,38196
38832,38196
38832,38196
38832,38199.2
38832,38203.6
38832,38204.9
38832,38205.6
38832,38207.5
38832,38207.5
38832,38210.1
38832,38212.1
38832,38214.7
38832,38216
38832,38217
38832,38220
38832,38220
38832,38220
38832,38220
38832,38222.9
38832,38227.5
38832,38231.8
38832,38231.8
38832,38231.8
38832,38234.6
38832,38234.6
38832,38234.6
38832,38237.1
38832,38237.9
38832,38239.7
38832,38240.8
38832,38242.2
38832,38244.7
38832,38245.8
38832,38246.6
38832,38248.3
38832,38250
38832,38251.1
38832,38253.1
38832,38254.1
38832,38255.7
38832,38255.7
38832,38258.9
38832,38260.3
38832,38263.6
38832,38265.4
38832,38266.9
38832,38266.9
38832,38266.9
38832,38270.7
38832,38270.7
38832,38272.6
38832,38274.2
38832,38275.1
38832,38276.7
38832,38276.8
38832,38281.3
38832,38281.3
38832,38282.5
38832,38282.5
38832,38282.5
38832,38282.5
38832,38284.9
38832,38287.2
38832,38289
38832,38289
38832,38289.6
38832,38292.1
38832,38293.4
38832,38294.5
38832,38296.5
38832,38297.6
38832,38297.6
38832,38297.7
38832,38300.8
38832,38301.2
38832,38303.6
38832,38303.6
38832,38304.1
38832,38305.7
38832,38308.6
38832,38308.6
38832,38310
38832,38310.5
38832,38310.9
38832,38313.4
38832,38315.8
38832,38316.2
38832,38318.7
38832,38318.7
38832,38318.7
38832,38318.7
38832,38321.1
38832,38321.1
38832,38321.8
38832,38327.8
38832,38327.8
38832,38327.8
38832,38329.2
38832,38329.2
38832,38331.1
38832,38331.1
38832,38331.1
38832,38333.7
38832,38334.6
38832,38337
38832,38338.6
38832,38339.4
38832,38339.4
38832,38339.6
38832,38339.6
38832,38342.2
38832,38342.2
38832,38344.3
38832,38344.3
38832,38348
38832,38349
38832,38349
38832,38349.9
38832,38351.1
38832,38351.1
38832,38352.7
38832,38352.7
38832,38352.9
38832,38354.4
38832,38356
38832,38357.9
38832,38357.9
38832,38358.3
38832,38358.3
38832,38361.8
38832,38362
38832,38362
38832,38364.4
38832,38364.4
38832,38364.6
38832,38367.1
38832,38369.5
38832,38369.5
38832,38369.5
38832,38370.1
38832,38371.8
38832,38374.3
38832,38374.3
38832,38375.2
38832,38375.6
38832,38377.9
38832,38377.9
38832,38377.9
38832,38378.1
38832,38380.9
38832,38380.9
38832,38382.8
38832,38382.8
38832,38385.2
38832,38385.2
38832,38386.6
38832,38386.6
38832,38386.6
38832,38388.8
38832,38388.8
38832,38388.8
38832,38391.3
38832,38391.8
38832,38393.2
38832,38393.2
38832,38393.2
38832,38394.3
38832,38394.4
38832,38396.2
38832,38398.4
38832,38398.4
38832,38400.1
38832,38401.3
38832,38401.3
38832,38402.6
38832,38402.6
38832,38404.7
38832,38404.7
38832,38406.2
38832,38406.9
38832,38406.9
38832,38408.6
38832,38408.6
38832,38408.8
38832,38409.2
38832,38410.7
38832,38410.8
38832,38411.8
38832,38413.3
38832,38415.2
38832,38415.2
38832,38416.6
38832,38416.6
38832,38416.8
38832,38418.4
38832,38418.4
38832,38419.1
38832,38420.1
38832,38420.3
38832,38420.3
38832,38420.3
38832,38420.9
38832,38421.9
38832,38423.6
38832,38424.2
38832,38424.2
38832,38424.9
38832,38426.1
38832,38426.4
38832,38427.2
38832,38427.6
38832,38428.1
38832,38428.7
38832,38428.7
38832,38428.7
38832,38429.9
38832,38430.1
38832,38430.1
38832,38431.2
38832,38432.2
38832,38432.2
38832,38432.2
38832,38433.5
38832,38434.5
38832,38434.5
38832,38434.5
38832,38435.5
38832,38435.5
38832,38437.1
38832,38437.9
38832,38437.9
38832,38438.3
38832,38439
38832,38439.7
38832,38440.9
38832,38441.5
38832,38441.5
38832,38441.9
38832,38443.4
38832,38443.4
38832,38443.4
38832,38443.9
38832,38444.4
38832,38444.4
38832,38444.6
38832,38444.7
38832,38445.3
38832,38446.2
38832,38446.2
38803.9,38448.2
38803.9,38448.2
38803.9,38449.3
38803.9,38449.3
38803.9,38449.8
38803.9,38450.3
38803.9,38451.1
38803.9,38451.1
38803.9,38452.3
38803.9,38452.3
38803.9,38452.3
38803.9,38452.4
38803.9,38453
38803.9,38453.5
38654.5,38455.2
38654.5,38455.5
38654.5,38455.5
38654.5,38455.9
38654.5,38456.5
38654.5,38456.6
38654.5,38456.8
38654.5,38457.4
38654.5,38457.4
38654.5,38457.5
38654.5,38458.1
38654.5,38458.1
38654.5,38458.5
38654.5,38458.9
38654.5,38459.2
38654.5,38459.6
38654.5,38460
38654.5,38460.1
38654.5,38460.1
38654.5,38460.2
38654.5,38460.8
38654.5,38461.2
38654.5,38461.3
38654.5,38461.3
38654.5,38461.6
38654.5,38461.6
38654.5,38462.2
38654.5,38462.6
38654.5,38462.6
38654.5,38463.1
38654.5,38463.5
38654.5,38463.5
38654.5,38463.8
38654.5,38463.9
38654.5,38463.9
38654.5,38464.6
38654.5,38464.6
38654.5,38465.2
38654.5,38465.6
38654.5,38465.6
38654.5,38466
38654.5,38466
38654.5,38466.3
38654.5,38466.3
38654.5,38466.5
38654.5,38466.7
38654.5,38467.2
38654.5,38467.2
38654.5,38467.9
38654.5,38468.3
38654.5,38468.5
38654.5,38468.5
38654.5,38468.8
38654.5,38469.1
38654.5,38469.1
38654.5,38469.2
38654.5,38469.2
38654.5,38469.5
38654.5,38470
38654.5,38470.2
38654.5,38470.2
38654.5,38470.8
38654.5,38470.9
38654.5,38471.5
38654.5,38472
38654.5,38472
38654.5,38472.4
38654.5,38472.4
38654.5,38472.9
38654.5,38472.9
38654.5,38473.2
38654.5,38473.5
38654.5,38473.5
38654.5,38474.1
38654.5,38474.1
38654.5,38474.4
38654.5,38474.4
38654.5,38474.9
38654.5,38474.9
38654.5,38474.9
38654.5,38475.1
38654.5,38475.7
38654.5,38475.9
38654.5,38476
38654.5,38476
38654.5,38476.1
38654.5,38476.8
38654.5,38477.2
38654.5,38477.5
38654.5,38477.5
38654.5,38478.1
38654.5,38478.1
38654.5,38478.1
38654.5,38478.5
38654.5,38478.5
38654.5,38478.8
38654.5,38479.1
38654.5,38479.1
38654.5,38479.3
38654.5,38479.9
38654.5,38479.9
38654.5,38479.9
38654.5,38480
38654.5,38480.5
38654.5,38481
38654.5,38481
38654.5,38481
38654.5,38481.2
38654.5,38481.5
38654.5,38481.6
38654.5,38482
38654.5,38482.3
38654.5,38483
38654.5,38483
38654.5,38483
38654.5,38483.1
38654.5,38483.4
38654.5,38484
38654.5,38484
38654.5,38484.4
38654.5,38484.6
38654.5,38484.6
38654.5,38485.1
38654.5,38485.1
38654.5,38485.3
38654.5,38485.8
38654.5,38485.8
38654.5,38485.8
38654.5,38485.8
38654.5,38486.7
38654.5,38486.7
38654.5,38486.7
38654.5,38486.7
38654.5,38487.5
38654.5,38487.5
38654.5,38487.7
38654.5,38487.9
38654.5,38487.9
38654.5,38488.1
38654.5,38488.5
38654.5,38488.5
38654.5,38488.6
38654.5,38488.6
38654.5,38489.3
38654.5,38489.3
38654.5,38489.9
38654.5,38489.9
38654.5,38489.9
38654.5,38490.3
38654.5,38490.3
38654.5,38490.3
38654.5,38491.1
38654.5,38491.3
38654.5,38491.3
38654.5,38491.7
38654.5,38491.9
38654.5,38491.9
38654.5,38492.3
38654.5,38492.4
38654.5,38492.4
38654.5,38492.4
38654.5,38493.1
38654.5,38493.2
38654.5,38493.2
38654.5,38493.2
38654.5,38493.6
38654.5,38493.6
38654.5,38493.9
38654.5,38494.5
38654.5,38494.5
38654.5,38494.5
38654.5,38494.5
38654.5,38494.7
38654.5,38494.7
38654.5,38495
38654.5,38495
38654.5,38495
38654.5,38495.4
38654.5,38495.4
38654.5,38495.4
38654.5,38495.4
38654.5,38495.5
38654.5,38495.5
38654.5,38496.3
38654.5,38496.5
38654.5,38496.5
38654.5,38496.5
38654.5,38496.5
38654.5,38496.6
38654.5,38496.6
38654.5,38496.6
38654.5,38496.7
38654.5,38496.7
38654.5,38496.9
38654.5,38497.4
38654.5,38497.6
38654.5,38497.6
38654.5,38497.7
38654.5,38497.7
38654.5,38497.7
38654.5,38497.7
38654.5,38497.7
38654.5,38498.2
38654.5,38498.2
38654.5,38498.2
38654.5,38498.4
38654.5,38498.6
38654.5,38498.6
38654.5,38498.7
38654.5,38498.7
38654.5,38498.7
38654.5,38498.9
38654.5,38498.9
38654.5,38499.2
38654.5,38499.4
38654.5,38499.4
38654.5,38499.4
38654.5,38499.7
38654.5,38499.7
38654.5,38499.8
38654.5,38499.8
38654.5,38499.9
38654.5,38499.9
38654.5,38500.1
38654.5,38500.3
38654.5,38500.3
38654.5,38500.3
38654.5,38500.7
38654.5,38500.7
38654.5,38500.9
38654.5,38500.9
38654.5,38501
38654.5,38501.4
38654.5,38501.4
38654.5,38501.4
38654.5,38501.6
38654.5,38501.6
38654.5,38501.6
38654.5,38501.6
38654.5,38501.6
38654.5,38501.7
38654.5,38501.7
38654.5,38502
38654.5,38502.2
38654.5,38502.2
38654.5,38502.2
38654.5,38502.4
38654.5,38502.5
38654.5,38502.5
38654.5,38502.5
38654.5,38502.6
38654.5,38502.6
38654.5,38503.1
38654.5,38503.1
38654.5,38503.1
38654.5,38503.3
38654.5,38503.3
38654.5,38503.5
38654.5,38503.5
38654.5,38503.8
38654.5,38503.8
38654.5,38503.8
38654.5,38504.2
38654.5,38504.2
38654.5,38504.3
38654.5,38504.3
38654.5,38504.3
38654.5,38504.4
38654.5,38504.7
38654.5,38504.7
38654.5,38504.7
38654.5,38504.9
38654.5,38504.9
38654.5,38504.9
38654.5,38504.9
38654.5,38504.9
38654.5,38505
38654.5,38505
38654.5,38505.2
38654.5,38505.4
38654.5,38505.4
38654.5,38505.5
38654.5,38505.5
38654.5,38505.6
38654.5,38505.7
38654.5,38505.7
38654.5,38505.7
38654.5,38505.7
38654.5,38505.7
38654.5,38505.7
38654.5,38505.7
38654.5,38506.3
38654.5,38506.3
38654.5,38506.3
38654.5,38506.3
38654.5,38506.3
38654.5,38506.3
38654.5,38506.6
38654.5,38506.6
38654.5,38506.6
38654.5,38506.6
38654.5,38506.7
38654.5,38506.7
38654.5,38506.7
38654.5,38506.7
38654.5,38506.7
38654.5,38507
38654.5,38507
38654.5,38507
38654.5,38507
38654.5,38507
38654.5,38507.2
38654.5,38507.3
38654.5,38507.5
38654.5,38507.5
38654.5,38507.5
38654.5,38507.5
38654.5,38507.5
38654.5,38507.7
38654.5,38507.7
38654.5,38507.7
38654.5,38508
38654.5,38508
38654.5,38508
38654.5,38508
38654.5,38508
38654.5,38508
38654.5,38508.1
38654.5,38508.3
38654.5,38508.3
38654.5,38508.3
38654.5,38508.3
38654.5,38508.4
38654.5,38508.7
38654.5,38508.7
38654.5,38508.7
38654.5,38508.7
38654.5,38508.7
38654.5,38509
38654.5,38509
38654.5,38509
38654.5,38509
38654.5,38509.3
38654.5,38509.3
38654.5,38509.3
38654.5,38509.3
38654.5,38509.3
38654.5,38509.3
38654.5,38509.6
38654.5,38509.6
38654.5,38509.6
38654.5,38509.6
38654.5,38509.8
38654.5,38509.8
38654.5,38509.8
38654.5,38509.8
38654.5,38509.8
38654.5,38509.8
38654.5,38510
38654.5,38510
38654.5,38510
38654.5,38510.1
38654.5,38510.1
38654.5,38510.1
38654.5,38510.5
38654.5,38510.5
38654.5,38510.5
38654.5,38510.5
38654.5,38510.5
38654.5,38510.5
38654.5,38510.5
38654.5,38510.5
38654.5,38510.5
38654.5,38510.5
38654.5,38510.8
38654.5,38510.8
38654.5,38510.8
38654.5,38510.8
38654.5,38510.8
38654.5,38510.8
38654.5,38510.8
38654.5,38511
38654.5,38511
38654.5,38511
38654.5,38511
38654.5,38511
38654.5,38511.1
38654.5,38511.2
38654.5,38511.3
38654.5,38511.4
38654.5,38511.5
38654.5,38511.5
38654.5,38511.5
38654.5,38511.7
38654.5,38511.7
38654.5,38511.7
38654.5,38511.7
38654.5,38511.8
38654.5,38511.8
38654.5,38511.8
38654.5,38511.8
38654.5,38511.8
38654.5,38511.8
38654.5,38511.8
38654.5,38511.8
38654.5,38512.1
38654.5,38512.1
38654.5,38512.1
38654.5,38512.1
38654.5,38512.2
38654.5,38512.2
38654.5,38512.2
38654.5,38512.2
38654.5,38512.4
38654.5,38512.4
38654.5,38512.4
38654.5,38512.4
38654.5,38512.5
38654.5,38512.5
38654.5,38512.5
38654.5,38512.8
38654.5,38512.8
38654.5,38512.8
38654.5,38512.8
38654.5,38512.8
38654.5,38512.8
38654.5,38512.8
38654.5,38512.8
38654.5,38512.9
38654.5,38512.9
38654.5,38512.9
38654.5,38512.9
38654.5,38512.9
38654.5,38513.2
38654.5,38513.2
38654.5,38513.2
38654.5,38513.2
38654.5,38513.2
38654.5,38513.2
38654.5,38513.4
38654.5,38513.4
38654.5,38513.4
38654.5,38513.4
38654.5,38513.4
38654.5,38513.4
38654.5,38513.4
38654.5,38513.5
38654.5,38513.5
38654.5,38513.5
38654.5,38513.5
38654.5,38513.5
38654.5,38513.8
38654.5,38513.8
38654.5,38513.8
38654.5,38513.8
38654.5,38513.9
38654.5,38513.9
38654.5,38514.1
38654.5,38514.1
38654.5,38514.1
38654.5,38514.1
38654.5,38514.1
38654.5,38514.1
38654.5,38514.1
38654.5,38514.2
38654.5,38514.2
38654.5,38514.2
38654.5,38514.2
38654.5,38514.6
38654.5,38514.6
38654.5,38514.6
38654.5,38514.6
38654.5,38514.6
38654.5,38514.6
38654.5,38514.6
38654.5,38514.8
38654.5,38514.8
38654.5,38514.8
38654.5,38514.8
38654.5,38514.8
38654.5,38514.8
38654.5,38514.8
38654.5,38514.8
38654.5,38514.8
38654.5,38514.8
38654.5,38514.8
38654.5,38515.1
38654.5,38515.1
38654.5,38515.1
38654.5,38515.1
38654.5,38515.2
38654.5,38515.2
38654.5,38515.2
38654.5,38515.2
38654.5,38515.2
38654.5,38515.2
38654.5,38515.2
38654.5,38515.3
38654.5,38515.3
38654.5,38515.4
38654.5,38515.5
38654.5,38515.5
38654.5,38515.5
38654.5,38515.5
38654.5,38515.5
38654.5,38515.5
38654.5,38515.5
38654.5,38515.5
38654.5,38515.8
38654.5,38515.8
38654.5,38515.8
38654.5,38515.8
38654.5,38515.8
38654.5,38516
38654.5,38516
38654.5,38516
38654.5,38516
38654.5,38516
38654.5,38516
38654.5,38516
38654.5,38516
38654.5,38516
38654.5,38516
38654.5,38516.1
38654.5,38516.1
38654.5,38516.5
38654.5,38516.5
38654.5,38516.5
38654.5,38516.5
38654.5,38516.5
38654.5,38516.5
38654.5,38516.5
38654.5,38516.5
38654.5,38516.5
38654.5,38516.5
38654.5,38516.5
38654.5,38516.5
38654.5,38516.5
38654.5,38516.5
38654.5,38516.7
38654.5,38516.7
38654.5,38516.7
38654.5,38516.8
38654.5,38516.8
38654.5,38516.8
38654.5,38516.8
38654.5,38516.8
38654.5,38517
38654.5,38517
38654.5,38517
38654.5,38517
38654.5,38517
38654.5,38517
38654.5,38517
38654.5,38517
38654.5,38517
38654.5,38517.1
38654.5,38517.1
38654.5,38517.2
38654.5,38517.2
38654.5,38517.2
38654.5,38517.2
38654.5,38517.2
38654.5,38517.2
38654.5,38517.2
38654.5,38517.2
38654.5,38517.4
38654.5,38517.4
38654.5,38517.4
38654.5,38517.4
38654.5,38517.5
38654.5,38517.5
38654.5,38517.5
38654.5,38517.8
38654.5,38517.8
38654.5,38517.8
38654.5,38517.8
38654.5,38517.8
38654.5,38517.8
38654.5,38517.8
38654.5,38517.8
38654.5,38517.8
38654.5,38517.8
38654.5,38517.8
38654.5,38517.8
38654.5,38518
38654.5,38518
38654.5,38518
38654.5,38518
38654.5,38518
38654.5,38518
38654.5,38518
38654.5,38518.1
38654.5,38518.1
38654.5,38518.1
38654.5,38518.1
38654.5,38518.1
38654.5,38518.3
38654.5,38518.3
38654.5,38518.3
38654.5,38518.3
38654.5,38518.3
38654.5,38518.3
38654.5,38518.3
38654.5,38518.5
38654.5,38518.5
38654.5,38518.5
38654.5,38518.5
38654.5,38518.5
38654.5,38518.5
38654.5,38518.5
38654.5,38518.5
38654.5,38518.5
38654.5,38518.5
38654.5,38518.5
38654.5,38518.5
38654.5,38518.5
38654.5,38518.5
38654.5,38518.6
38654.5,38518.6
38654.5,38518.6
38654.5,38518.7
38654.5,38518.8
38654.5,38518.8
38654.5,38519.1
38654.5,38519.1
38654.5,38519.1
38654.5,38519.1
38654.5,38519.1
38654.5,38519.1
38654.5,38519.1
38654.5,38519.1
38654.5,38519.1
38654.5,38519.1
38654.5,38519.1
38654.5,38519.1
38654.5,38519.1
38654.5,38519.1
38654.5,38519.2
38654.5,38519.2
38654.5,38519.3
38654.5,38519.3
38654.5,38519.3
38654.5,38519.3
38654.5,38519.3
38654.5,38519.3
38654.5,38519.3
38654.5,38519.3
38654.5,38519.3
38654.5,38519.3
38654.5,38519.3
38654.5,38519.3
38654.5,38519.3
38654.5,38519.3
38654.5,38519.3
38654.5,38519.3
38654.5,38519.3
38654.5,38519.3
38654.5,38519.3
38654.5,38519.3
38654.5,38519.4
38654.5,38519.7
38654.5,38519.7
38654.5,38519.7
38654.5,38519.7
38654.5,38519.7
38654.5,38519.7
38654.5,38519.7
38654.5,38519.7
38654.5,38519.7
38654.5,38519.9
38654.5,38519.9
38654.5,38519.9
38654.5,38519.9
38654.5,38519.9
38654.5,38519.9
38654.5,38519.9
38654.5,38519.9
38654.5,38519.9
38654.5,38519.9
38654.5,38519.9
38654.5,38520
38654.5,38520
38654.5,38520
38654.5,38520
38654.5,38520
38654.5,38520
38654.5,38520
38654.5,38520
38654.5,38520
38654.5,38520
38654.5,38520
38654.5,38520.3
38654.5,38520.3
38654.5,38520.3
38654.5,38520.3
38654.5,38520.4
38654.5,38520.4
38654.5,38520.4
38654.5,38520.5
38654.5,38520.5
38654.5,38520.6
38654.5,38520.6
38654.5,38520.6
38654.5,38520.6
38654.5,38520.6
38654.5,38520.6
38654.5,38520.6
38654.5,38520.6
38654.5,38520.8
38654.5,38520.9
38654.5,38520.9
38654.5,38520.9
38654.5,38520.9
38654.5,38520.9
38654.5,38520.9
38654.5,38520.9
38654.5,38520.9
38654.5,38520.9
38654.5,38520.9
38654.5,38521.1
38654.5,38521.1
38654.5,38521.1
38654.5,38521.1
38654.5,38521.1
38654.5,38521.1
38654.5,38521.1
38654.5,38521.1
38654.5,38521.1
38654.5,38521.1
38654.5,38521.4
38654.5,38521.4
38654.5,38521.4
38654.5,38521.4
38654.5,38521.4
38654.5,38521.4
38654.5,38521.4
38654.5,38521.4
38654.5,38521.4
38654.5,38521.4
38654.5,38521.4
38654.5,38521.4
38654.5,38521.4
38654.5,38521.4
38654.5,38521.5
38654.5,38521.5
38654.5,38521.5
38654.5,38521.7
38654.5,38521.7
38654.5,38521.7
38654.5,38521.7
38654.5,38521.8
38654.5,38521.8
38654.5,38521.8
38654.5,38521.8
38654.5,38521.8
38654.5,38521.8
38654.5,38521.8
38654.5,38521.8
38654.5,38521.8
38654.5,38521.8
38654.5,38521.8
38654.5,38521.8
38654.5,38521.8
38654.5,38521.8
38654.5,38521.8
38654.5,38521.8
38654.5,38521.9
38654.5,38521.9
38654.5,38521.9
38654.5,38521.9
38654.5,38522.1
38654.5,38522.1
38654.5,38522.1
38654.5,38522.1
38654.5,38522.1
38654.5,38522.1
38654.5,38522.1
38654.5,38522.1
38654.5,38522.1
38654.5,38522.1
38654.5,38522.1
38654.5,38522.1
38654.5,38522.1
38654.5,38522.1
38654.5,38522.1
38654.5,38522.1
38654.5,38522.2
38654.5,38522.2
38654.5,38522.3
38654.5,38522.4
38654.5,38522.4
38654.5,38522.4
38654.5,38522.6
38654.5,38522.6
38654.5,38522.6
38654.5,38522.6
38654.5,38522.6
38654.5,38522.6
38654.5,38522.6
38654.5,38522.6
38654.5,38522.6
38654.5,38522.6
38654.5,38522.6
38654.5,38522.6
38654.5,38522.6
38654.5,38522.6
38654.5,38522.7
38654.5,38522.7
38654.5,38522.8
38654.5,38522.8
38654.5,38522.8
38654.5,38522.8
38654.5,38522.8
38654.5,38522.9
(minUpperBound-maxLowerBound)/minUpperBound=1.84302e-05 < 0.0001

the upperBound found by the initial random solution is 39557
the ratio of local search improvement is 0.978892

the ratio of LR improvement is 0.0261238
the maximal lowerBound found by the Lagrangian Relaxation is 38522.9
the upperBound found by the Lagrangian Relaxation is 38523.6
the LR gap is 1.84302e-05
the time for initial solution generation is 0
the total cup time is 49
Unreliable facilities:7,8,11,12,14,16,18,20,21,22,24,25,26,27,28,29,32,33,35,36,37,38,40,42,43,45,
Reliable facilities:0,1,2,3,4,5,6,9,10,13,15,17,19,23,30,31,34,39,48,
0->0(reliable)
1->1(reliable)
2->2(reliable)
3->3(reliable)
4->4(reliable)
5->5(reliable)
6->6(reliable)
7->7(unreliable)->6(reliable)
8->8(unreliable)->4(reliable)
9->9(reliable)
10->10(reliable)
11->11(unreliable)->9(reliable)
12->12(unreliable)->39(reliable)
13->13(reliable)
14->14(unreliable)->5(reliable)
15->15(reliable)
16->16(unreliable)->10(reliable)
17->17(reliable)
18->18(unreliable)->4(reliable)
19->19(reliable)
20->20(unreliable)->30(reliable)
21->21(unreliable)->10(reliable)
22->22(unreliable)->13(reliable)
23->23(reliable)
24->24(unreliable)->9(reliable)
25->25(unreliable)->48(reliable)
26->26(unreliable)->1(reliable)
27->27(unreliable)->31(reliable)
28->28(unreliable)->17(reliable)
29->29(unreliable)->31(reliable)
30->30(reliable)
31->31(reliable)
32->32(unreliable)->30(reliable)
33->33(unreliable)->6(reliable)
34->34(reliable)
35->35(unreliable)->31(reliable)
36->36(unreliable)->23(reliable)
37->37(unreliable)->39(reliable)
38->38(unreliable)->0(reliable)
39->39(reliable)
40->40(unreliable)->34(reliable)
41->12(unreliable)->39(reliable)
42->42(unreliable)->34(reliable)
43->43(unreliable)->48(reliable)
44->18(unreliable)->4(reliable)
45->45(unreliable)->19(reliable)
46->18(unreliable)->4(reliable)
47->39(reliable)
48->48(reliable)

Available budget=1610.37,Used budget is 1602.05
reliableFacilityFixedCost=13913.5
unreliableFacilityFixedCost=19534.6
facilityFixedCost=33448.1
expectedTransportationCost=5075.47

numOfopenedFacilities=45
numOfhardeningFacilities=19
numOfregularFacilities=26

the difference beteween the objective and  LR_solution is 1.45519e-11
